0.05 6.234263143e-310
0.1 6.234263143e-310
0.15 6.234263143e-310
0.2 6.234263143e-310
0.25 6.234263143e-310
0.3 6.234263143e-310
0.35 6.234263143e-310
0.4 6.234263143e-310
0.45 6.234263143e-310
0.5 6.234263143e-310
0.55 6.234263143e-310
0.6 6.234263143e-310
0.65 6.234263143e-310
0.7 6.234263143e-310
0.75 6.234263143e-310
0.8 6.234263143e-310
0.85 6.234263143e-310
0.9 6.234263143e-310
0.95 6.234263143e-310
1 6.234263143e-310
1.05 6.234263143e-310
1.1 6.234263143e-310
1.15 6.234263143e-310
1.2 6.234263143e-310
1.25 6.234263143e-310
1.3 6.234263143e-310
1.35 6.234263143e-310
1.4 6.234263143e-310
1.45 6.234263143e-310
1.5 6.234263143e-310
1.55 6.234263143e-310
1.6 6.234263143e-310
1.65 6.234263143e-310
1.7 6.234263143e-310
1.75 6.234263143e-310
1.8 6.234263143e-310
1.85 6.234263143e-310
1.9 6.234263143e-310
1.95 6.234263143e-310
2 6.234263143e-310
2.05 6.234263143e-310
2.1 6.234263143e-310
2.15 6.234263143e-310
2.2 6.234263143e-310
2.25 6.234263143e-310
2.3 6.234263143e-310
2.35 6.234263143e-310
2.4 6.234263143e-310
2.45 6.234263143e-310
2.5 6.234263143e-310
2.55 6.234263143e-310
2.6 6.234263143e-310
2.65 6.234263143e-310
2.7 6.234263143e-310
2.75 6.234263143e-310
2.8 6.234263143e-310
2.85 6.234263143e-310
2.9 6.234263143e-310
2.95 6.234263143e-310
3 6.234263143e-310
3.05 6.234263143e-310
3.1 6.234263143e-310
3.15 6.234263143e-310
3.2 6.234263143e-310
3.25 6.234263143e-310
3.3 6.234263143e-310
3.35 6.234263143e-310
3.4 6.234263143e-310
3.45 6.234263143e-310
3.5 6.234263143e-310
3.55 6.234263143e-310
3.6 6.234263143e-310
3.65 6.234263143e-310
3.7 6.234263143e-310
3.75 6.234263143e-310
3.8 6.234263143e-310
3.85 6.234263143e-310
3.9 6.234263143e-310
3.95 6.234263143e-310
4 6.234263143e-310
4.05 6.234263143e-310
4.1 6.234263143e-310
4.15 6.234263143e-310
4.2 6.234263143e-310
4.25 6.234263143e-310
4.3 6.234263143e-310
4.35 6.234263143e-310
4.4 6.234263143e-310
4.45 6.234263143e-310
4.5 6.234263143e-310
4.55 6.234263143e-310
4.6 6.234263143e-310
4.65 6.234263143e-310
4.7 6.234263143e-310
4.75 6.234263143e-310
4.8 6.234263143e-310
4.85 6.234263143e-310
4.9 6.234263143e-310
4.95 6.234263143e-310
5 6.234263143e-310
5.05 6.234263143e-310
5.1 6.234263143e-310
5.15 6.234263143e-310
5.2 6.234263143e-310
5.25 6.234263143e-310
5.3 6.234263143e-310
5.35 6.234263143e-310
5.4 6.234263143e-310
5.45 6.234263143e-310
5.5 6.234263143e-310
5.55 6.234263143e-310
5.6 6.234263143e-310
5.65 6.234263143e-310
5.7 6.234263143e-310
5.75 6.234263143e-310
5.8 6.234263143e-310
5.85 6.234263143e-310
5.9 6.234263143e-310
5.95 6.234263143e-310
6 6.234263143e-310
6.05 6.234263143e-310
6.1 6.234263143e-310
6.15 6.234263143e-310
6.2 6.234263143e-310
6.25 6.234263143e-310
6.3 6.234263143e-310
6.35 6.234263143e-310
6.4 6.234263143e-310
6.45 6.234263143e-310
6.5 6.234263143e-310
6.55 6.234263143e-310
6.6 6.234263143e-310
6.65 6.234263143e-310
6.7 6.234263143e-310
6.75 6.234263143e-310
6.8 6.234263143e-310
6.85 6.234263143e-310
6.9 6.234263143e-310
6.95 6.234263143e-310
7 6.234263143e-310
7.05 6.234263143e-310
7.1 6.234263143e-310
7.15 6.234263143e-310
7.2 6.234263143e-310
7.25 6.234263143e-310
7.3 6.234263143e-310
7.35 6.234263143e-310
7.4 6.234263143e-310
7.45 6.234263143e-310
7.5 6.234263143e-310
7.55 6.234263143e-310
7.6 6.234263143e-310
7.65 6.234263143e-310
7.7 6.234263143e-310
7.75 6.234263143e-310
7.8 6.234263143e-310
7.85 6.234263143e-310
7.9 6.234263143e-310
7.95 6.234263143e-310
8 6.234263143e-310
8.05 6.234263143e-310
8.1 6.234263143e-310
8.15 6.234263143e-310
8.2 6.234263143e-310
8.25 6.234263143e-310
8.3 6.234263143e-310
8.35 6.234263143e-310
8.4 6.234263143e-310
8.45 6.234263143e-310
8.5 6.234263143e-310
8.55 6.234263143e-310
8.6 6.234263143e-310
8.65 6.234263143e-310
8.7 6.234263143e-310
8.75 6.234263143e-310
8.8 6.234263143e-310
8.85 6.234263143e-310
8.9 6.234263143e-310
8.95 6.234263143e-310
9 6.234263143e-310
9.05 6.234263143e-310
9.1 6.234263143e-310
9.15 6.234263143e-310
9.2 6.234263143e-310
9.25 6.234263143e-310
9.3 6.234263143e-310
9.35 6.234263143e-310
9.4 6.234263143e-310
9.45 6.234263143e-310
9.5 2.725445784e-06
9.55 2.7789357e-06
9.6 1.741781057e-06
9.65 1.406299587e-06
9.7 1.330905799e-06
9.75 1.206967477e-06
9.8 1.134625167e-06
9.85 1.073358645e-06
9.9 1.022276688e-06
9.95 9.771468851e-07
10 9.642110781e-07
10.05 1.008247902e-06
10.1 9.891216605e-07
10.15 1.012232444e-06
10.2 1.071884418e-06
10.25 1.150840139e-06
10.3 1.231067159e-06
10.35 1.557929191e-06
10.4 5.491816838e-06
10.45 9.147784861e-06
10.5 1.130981721e-05
10.55 1.298858543e-05
10.6 1.446133161e-05
10.65 1.573292815e-05
10.7 1.690361323e-05
10.75 1.786975917e-05
10.8 1.877567952e-05
10.85 1.96228995e-05
10.9 2.036243252e-05
10.95 1.885971927e-05
11 1.807588041e-05
11.05 1.874172299e-05
11.1 2.118238604e-05
11.15 2.275722337e-05
11.2 2.254593677e-05
11.25 2.115145666e-05
11.3 2.097856503e-05
11.35 2.169455122e-05
11.4 2.265991424e-05
11.45 2.386066016e-05
11.5 2.360126233e-05
11.55 2.317786378e-05
11.6 2.423319639e-05
11.65 2.446869085e-05
11.7 2.525607061e-05
11.75 2.621033525e-05
11.8 2.689977674e-05
11.85 2.968671457e-05
11.9 3.182810299e-05
11.95 3.257131379e-05
12 3.21152008e-05
12.05 3.104330214e-05
12.1 3.231315203e-05
12.15 3.444345378e-05
12.2 3.638378074e-05
12.25 3.878399685e-05
12.3 3.760931349e-05
12.35 3.801442312e-05
12.4 3.936431658e-05
12.45 4.073826164e-05
12.5 4.168810705e-05
12.55 4.150145849e-05
12.6 4.088202832e-05
12.65 4.275549518e-05
12.7 4.380120556e-05
12.75 4.416713432e-05
12.8 4.428482192e-05
12.85 4.334396339e-05
12.9 4.33327732e-05
12.95 4.441855058e-05
13 4.537264209e-05
13.05 4.651901297e-05
13.1 4.697569156e-05
13.15 4.574041019e-05
13.2 4.614297603e-05
13.25 4.739296904e-05
13.3 4.846416873e-05
13.35 4.95213745e-05
13.4 4.986990531e-05
13.45 4.930362827e-05
13.5 4.9983941e-05
13.55 5.022887336e-05
13.6 5.023479173e-05
13.65 4.987788844e-05
13.7 4.937715456e-05
13.75 5.035434669e-05
13.8 5.117209079e-05
13.85 5.192742173e-05
13.9 5.273528586e-05
13.95 5.192567312e-05
14 5.218242146e-05
14.05 5.324509548e-05
14.1 5.406455477e-05
14.15 5.454813794e-05
14.2 5.489895523e-05
14.25 5.406288328e-05
14.3 5.527830331e-05
14.35 5.622200436e-05
14.4 5.655984482e-05
14.45 5.676775842e-05
14.5 5.704486127e-05
14.55 5.613188767e-05
14.6 5.725459888e-05
14.65 5.816572341e-05
14.7 5.887105229e-05
14.75 5.958395679e-05
14.8 5.968623536e-05
14.85 5.912891425e-05
14.9 6.024658832e-05
14.95 6.116762419e-05
15 6.191717648e-05
15.05 6.189598855e-05
15.1 6.137713296e-05
15.15 6.167271594e-05
15.2 6.146785361e-05
15.25 6.101020848e-05
15.3 6.108202154e-05
15.35 6.152380137e-05
15.4 6.220919045e-05
15.45 6.313620915e-05
15.5 6.373917597e-05
15.55 6.44985039e-05
15.6 6.442454408e-05
15.65 6.498671475e-05
15.7 6.609464996e-05
15.75 6.695142312e-05
15.8 6.760819529e-05
15.85 6.817151416e-05
15.9 6.783845273e-05
15.95 6.925430944e-05
16 7.027999332e-05
16.05 7.072302378e-05
16.1 7.116596526e-05
16.15 7.122481266e-05
16.2 7.162272833e-05
16.25 7.264352763e-05
16.3 7.333063083e-05
16.35 7.386286676e-05
16.4 7.44042172e-05
16.45 7.416412778e-05
16.5 7.397716772e-05
16.55 7.384486254e-05
16.6 7.362305844e-05
16.65 7.299351749e-05
16.7 7.336879027e-05
16.75 7.341668765e-05
16.8 7.372882936e-05
16.85 7.45624484e-05
16.9 7.464746599e-05
16.95 7.477641416e-05
17 7.572527081e-05
17.05 7.634380409e-05
17.1 7.678705176e-05
17.15 7.721479846e-05
17.2 7.710869244e-05
17.25 7.797453559e-05
17.3 7.860266701e-05
17.35 7.902989171e-05
17.4 7.940524444e-05
17.45 7.974368547e-05
17.5 7.96002264e-05
17.55 8.045631264e-05
17.6 8.094742722e-05
17.65 8.116563983e-05
17.7 8.12470021e-05
17.75 8.10043116e-05
17.8 8.089425895e-05
17.85 8.058200223e-05
17.9 8.021956977e-05
17.95 7.993576432e-05
18 7.985648328e-05
18.05 7.988997407e-05
18.1 8.002561828e-05
18.15 8.014851902e-05
18.2 8.056165945e-05
18.25 8.051224711e-05
18.3 8.12658405e-05
18.35 8.169663036e-05
18.4 8.201430113e-05
18.45 8.234122796e-05
18.5 8.239633108e-05
18.55 8.27284513e-05
18.6 8.325984505e-05
18.65 8.357894319e-05
18.7 8.383041443e-05
18.75 8.408208264e-05
18.8 8.39293037e-05
18.85 8.449112334e-05
18.9 8.454224288e-05
18.95 8.431575856e-05
19 8.406035848e-05
19.05 8.393352386e-05
19.1 8.35794113e-05
19.15 8.323504185e-05
19.2 8.289553832e-05
19.25 8.264574268e-05
19.3 8.254312686e-05
19.35 8.260319617e-05
19.4 8.292545962e-05
19.45 8.318006381e-05
19.5 8.344988273e-05
19.55 8.325141072e-05
19.6 8.383764808e-05
19.65 8.409974142e-05
19.7 8.429587742e-05
19.75 8.445308168e-05
19.8 8.460080991e-05
19.85 8.467409481e-05
19.9 8.509546258e-05
19.95 8.530463071e-05
20 8.545470249e-05
20.05 8.55139035e-05
20.1 8.543697883e-05
20.15 8.509967512e-05
20.2 8.466481532e-05
20.25 8.427910845e-05
20.3 8.397922407e-05
20.35 8.377391032e-05
20.4 8.345079635e-05
20.45 8.319792882e-05
20.5 8.305623265e-05
20.55 8.299417161e-05
20.6 8.31533764e-05
20.65 8.337123357e-05
20.7 8.354975681e-05
20.75 8.370498637e-05
20.8 8.385813325e-05
20.85 8.409251892e-05
20.9 8.417104781e-05
20.95 8.433744893e-05
21 8.437943593e-05
21.05 8.448815228e-05
21.1 8.465968892e-05
21.15 8.455304246e-05
21.2 8.47087729e-05
21.25 8.441211618e-05
21.3 8.408058302e-05
21.35 8.384123211e-05
21.4 8.348745215e-05
21.45 8.31004685e-05
21.5 8.269954754e-05
21.55 8.233366794e-05
21.6 8.209862196e-05
21.65 8.202592479e-05
21.7 8.192828728e-05
21.75 8.202186535e-05
21.8 8.220003858e-05
21.85 8.225895796e-05
21.9 8.223403038e-05
21.95 8.246259795e-05
22 8.257120463e-05
22.05 8.265180547e-05
22.1 8.272747721e-05
22.15 8.285727317e-05
22.2 8.286470488e-05
22.25 8.285734821e-05
22.3 8.279540623e-05
22.35 8.260179473e-05
22.4 8.237435528e-05
22.45 8.205964204e-05
22.5 8.161823489e-05
22.55 8.11969598e-05
22.6 8.083100592e-05
22.65 8.053620722e-05
22.7 8.021514474e-05
22.75 7.998779616e-05
22.8 7.982289714e-05
22.85 7.989115911e-05
22.9 7.990535973e-05
22.95 8.011947523e-05
23 8.019111362e-05
23.05 8.024386011e-05
23.1 8.016149083e-05
23.15 8.02968444e-05
23.2 8.024646176e-05
23.25 8.036544165e-05
23.3 8.039751098e-05
23.35 8.038563319e-05
23.4 8.025423126e-05
23.45 8.005850819e-05
23.5 7.960670198e-05
23.55 7.913845324e-05
23.6 7.871701357e-05
23.65 7.840264491e-05
23.7 7.816890694e-05
23.75 7.78699657e-05
23.8 7.757491231e-05
23.85 7.731068787e-05
23.9 7.713685861e-05
23.95 7.718786594e-05
24 7.731373211e-05
24.05 7.735366057e-05
24.1 7.738026243e-05
24.15 7.744970236e-05
24.2 7.751397769e-05
24.25 7.747696215e-05
24.3 7.737959465e-05
24.35 7.735606625e-05
24.4 7.736001952e-05
24.45 7.730619987e-05
24.5 7.709715473e-05
24.55 7.669184131e-05
24.6 7.626983688e-05
24.65 7.591627546e-05
24.7 7.560954806e-05
24.75 7.518106968e-05
24.8 7.488126628e-05
24.85 7.454634074e-05
24.9 7.429563974e-05
24.95 7.420941123e-05
25 7.421696257e-05
25.05 7.428931848e-05
25.1 7.430498504e-05
25.15 7.418562731e-05
25.2 7.426220259e-05
25.25 7.42385132e-05
25.3 7.424974703e-05
25.35 7.423354312e-05
25.4 7.420504695e-05
25.45 7.416299609e-05
25.5 7.407378033e-05
25.55 7.365185479e-05
25.6 7.32556493e-05
25.65 7.28943858e-05
25.7 7.258304892e-05
25.75 7.228237695e-05
25.8 7.19634699e-05
25.85 7.161547691e-05
25.9 7.130838189e-05
25.95 7.099991155e-05
26 7.092098944e-05
26.05 7.093050793e-05
26.1 7.097939189e-05
26.15 7.097577545e-05
26.2 7.100997162e-05
26.25 7.102087506e-05
26.3 7.08899512e-05
26.35 7.080126766e-05
26.4 7.078424925e-05
26.45 7.07439057e-05
26.5 7.069776972e-05
26.55 7.050794567e-05
26.6 7.015203812e-05
26.65 6.976253028e-05
26.7 6.932569516e-05
26.75 6.90108037e-05
26.8 6.867973632e-05
26.85 6.836887457e-05
26.9 6.805100204e-05
26.95 6.782085855e-05
27 6.767624155e-05
27.05 6.762540643e-05
27.1 6.754251998e-05
27.15 6.755775053e-05
27.2 6.757681685e-05
27.25 6.760104917e-05
27.3 6.754804611e-05
27.35 6.747119819e-05
27.4 6.741395427e-05
27.45 6.728026796e-05
27.5 6.71892077e-05
27.55 6.708004373e-05
27.6 6.677750096e-05
27.65 6.63841683e-05
27.7 6.601089747e-05
27.75 6.569274697e-05
27.8 6.542090446e-05
27.85 6.501757187e-05
27.9 6.466403636e-05
27.95 6.438281891e-05
28 6.426018317e-05
28.05 6.422436263e-05
28.1 6.424136512e-05
28.15 6.423979301e-05
28.2 6.41785933e-05
28.25 6.412497179e-05
28.3 6.408852385e-05
28.35 6.401189372e-05
28.4 6.394176338e-05
28.45 6.387181538e-05
28.5 6.38088837e-05
28.55 6.36926431e-05
28.6 6.331216628e-05
28.65 6.291362189e-05
28.7 6.254905447e-05
28.75 6.224017549e-05
28.8 6.097754209e-05
28.85 5.855046424e-05
28.9 5.604350904e-05
28.95 5.21345343e-05
29 4.692902815e-05
29.05 4.103852766e-05
29.1 3.478633299e-05
29.15 2.843630557e-05
29.2 2.217127618e-05
29.25 1.762734171e-05
29.3 1.246377617e-05
29.35 7.147997961e-06
29.4 2.882844786e-06
29.45 2.889016681e-07
29.5 2.889016681e-07
29.55 2.889016681e-07
29.6 2.889016681e-07
29.65 2.889016681e-07
29.7 2.889016681e-07
29.75 2.889016681e-07
29.8 2.889016681e-07
29.85 2.889016681e-07
29.9 2.889016681e-07
29.95 2.889016681e-07
30 2.889016681e-07
30.05 2.889016681e-07
30.1 2.889016681e-07
30.15 2.889016681e-07
30.2 2.889016681e-07
30.25 2.889016681e-07
30.3 2.889016681e-07
30.35 2.889016681e-07
30.4 2.889016681e-07
30.45 2.889016681e-07
30.5 2.889016681e-07
30.55 2.889016681e-07
30.6 2.889016681e-07
30.65 2.889016681e-07
30.7 2.889016681e-07
30.75 2.889016681e-07
30.8 2.889016681e-07
30.85 2.889016681e-07
30.9 2.889016681e-07
30.95 2.889016681e-07
31 2.889016681e-07
31.05 2.889016681e-07
31.1 2.889016681e-07
31.15 2.889016681e-07
31.2 2.889016681e-07
31.25 2.889016681e-07
31.3 2.889016681e-07
31.35 2.889016681e-07
31.4 2.889016681e-07
31.45 2.889016681e-07
31.5 2.889016681e-07
31.55 2.889016681e-07
31.6 2.889016681e-07
31.65 2.889016681e-07
31.7 2.889016681e-07
31.75 2.889016681e-07
31.8 2.889016681e-07
31.85 2.889016681e-07
31.9 2.889016681e-07
31.95 2.889016681e-07
32 2.889016681e-07
32.05 2.889016681e-07
32.1 2.889016681e-07
32.15 2.889016681e-07
32.2 2.889016681e-07
32.25 2.889016681e-07
32.3 2.889016681e-07
32.35 2.889016681e-07
32.4 2.889016681e-07
32.45 2.889016681e-07
32.5 2.889016681e-07
32.55 2.889016681e-07
32.6 2.889016681e-07
32.65 2.889016681e-07
32.7 2.889016681e-07
32.75 2.889016681e-07
32.8 2.889016681e-07
32.85 2.889016681e-07
32.9 2.889016681e-07
32.95 2.889016681e-07
33 2.889016681e-07
33.05 2.889016681e-07
33.1 2.889016681e-07
33.15 2.889016681e-07
33.2 2.889016681e-07
33.25 2.889016681e-07
33.3 2.889016681e-07
33.35 2.889016681e-07
33.4 2.889016681e-07
33.45 2.889016681e-07
33.5 2.889016681e-07
33.55 2.889016681e-07
33.6 2.889016681e-07
33.65 2.889016681e-07
33.7 2.889016681e-07
33.75 2.889016681e-07
33.8 2.889016681e-07
33.85 2.889016681e-07
33.9 2.889016681e-07
33.95 2.889016681e-07
34 2.889016681e-07
34.05 2.889016681e-07
34.1 2.889016681e-07
34.15 2.889016681e-07
34.2 2.889016681e-07
34.25 2.889016681e-07
34.3 2.889016681e-07
34.35 2.889016681e-07
34.4 2.889016681e-07
34.45 2.889016681e-07
34.5 2.889016681e-07
34.55 2.889016681e-07
34.6 2.889016681e-07
34.65 2.889016681e-07
34.7 2.889016681e-07
34.75 2.889016681e-07
34.8 2.889016681e-07
34.85 2.889016681e-07
34.9 2.889016681e-07
34.95 2.889016681e-07
35 2.889016681e-07
35.05 2.889016681e-07
35.1 2.889016681e-07
35.15 2.889016681e-07
35.2 2.889016681e-07
35.25 2.889016681e-07
35.3 2.889016681e-07
35.35 2.889016681e-07
35.4 2.889016681e-07
35.45 2.889016681e-07
35.5 2.889016681e-07
35.55 2.889016681e-07
35.6 2.889016681e-07
35.65 2.889016681e-07
35.7 2.889016681e-07
35.75 2.889016681e-07
35.8 2.889016681e-07
35.85 2.889016681e-07
35.9 2.889016681e-07
35.95 2.889016681e-07
36 2.889016681e-07
36.05 2.889016681e-07
36.1 2.889016681e-07
36.15 2.889016681e-07
36.2 2.889016681e-07
36.25 2.889016681e-07
36.3 2.889016681e-07
36.35 2.889016681e-07
36.4 2.889016681e-07
36.45 2.889016681e-07
36.5 2.889016681e-07
36.55 2.889016681e-07
36.6 2.889016681e-07
36.65 2.889016681e-07
36.7 2.889016681e-07
36.75 2.889016681e-07
36.8 2.889016681e-07
36.85 2.889016681e-07
36.9 2.889016681e-07
36.95 2.889016681e-07
37 2.889016681e-07
37.05 2.889016681e-07
37.1 2.889016681e-07
37.15 2.889016681e-07
37.2 2.889016681e-07
37.25 2.889016681e-07
37.3 2.889016681e-07
37.35 2.889016681e-07
37.4 2.889016681e-07
37.45 2.889016681e-07
37.5 2.889016681e-07
37.55 2.889016681e-07
37.6 2.889016681e-07
37.65 2.889016681e-07
37.7 2.889016681e-07
37.75 2.889016681e-07
37.8 2.889016681e-07
37.85 2.889016681e-07
37.9 2.889016681e-07
37.95 2.889016681e-07
38 2.889016681e-07
38.05 2.889016681e-07
38.1 2.889016681e-07
38.15 2.889016681e-07
38.2 2.889016681e-07
38.25 2.889016681e-07
38.3 2.889016681e-07
38.35 2.889016681e-07
38.4 2.889016681e-07
38.45 2.889016681e-07
38.5 2.889016681e-07
38.55 2.889016681e-07
38.6 2.889016681e-07
38.65 2.889016681e-07
38.7 2.889016681e-07
38.75 2.889016681e-07
38.8 2.889016681e-07
38.85 2.889016681e-07
38.9 2.889016681e-07
38.95 2.889016681e-07
39 2.889016681e-07
39.05 2.889016681e-07
39.1 2.889016681e-07
39.15 2.889016681e-07
39.2 2.889016681e-07
39.25 2.889016681e-07
39.3 2.889016681e-07
39.35 2.889016681e-07
39.4 2.889016681e-07
39.45 2.889016681e-07
39.5 2.889016681e-07
39.55 2.889016681e-07
39.6 2.889016681e-07
39.65 5.415509609e-06
39.7 9.771275931e-06
39.75 1.090896579e-05
39.8 1.045550856e-05
39.85 1.220701737e-05
39.9 1.619501861e-05
39.95 2.007004331e-05
40 2.370155214e-05
40.05 2.75517623e-05
40.1 4.142988946e-05
40.15 4.722231924e-05
40.2 5.18045217e-05
40.25 5.521994361e-05
40.3 5.809019099e-05
40.35 6.079349095e-05
40.4 6.786452274e-05
40.45 8.037517703e-05
40.5 8.632581312e-05
40.55 8.930530627e-05
40.6 9.150805064e-05
40.65 9.390731605e-05
40.7 0.0001068245689
40.75 0.0001157557562
40.8 0.0001172452914
40.85 0.0001168473218
40.9 0.0001174480423
40.95 0.0001241466852
41 0.0001364180622
41.05 0.0001425300396
41.1 0.0001448588211
41.15 0.0001429337507
41.2 0.0001430965097
41.25 0.0001561390577
41.3 0.0001627395536
41.35 0.0001657667565
41.4 0.0001667142586
41.45 0.000168241313
41.5 0.0001746094483
41.55 0.0001853900612
41.6 0.0001895498572
41.65 0.0001918731974
41.7 0.0001928999691
41.75 0.0001965034655
41.8 0.0002063743688
41.85 0.0002114939732
41.9 0.0002128616641
41.95 0.0002139210872
42 0.0002155432591
42.05 0.0002218843428
42.1 0.0002353918234
42.15 0.0002382533828
42.2 0.0002376104706
42.25 0.0002375447405
42.3 0.0002385832441
42.35 0.0002467429006
42.4 0.0002583140446
42.45 0.0002590013938
42.5 0.0002577569134
42.55 0.0002576826246
42.6 0.0002587159618
42.65 0.0002679696657
42.7 0.0002776323773
42.75 0.0002767829364
42.8 0.0002763681258
42.85 0.0002765616634
42.9 0.0002782750683
42.95 0.0002876011654
43 0.0002975201875
43.05 0.0002964278279
43.1 0.0002968148522
43.15 0.0002968411931
43.2 0.0002976507404
43.25 0.0003050198387
43.3 0.0003144071531
43.35 0.0003132063882
43.4 0.000313655418
43.45 0.0003139233217
43.5 0.0003139396638
43.55 0.0003191711744
43.6 0.0003292538973
43.65 0.0003281110964
43.7 0.0003285334372
43.75 0.0003296091288
43.8 0.0003290491657
43.85 0.000331837322
43.9 0.0003428471391
43.95 0.0003418511528
44 0.0003398447876
44.05 0.0003409307321
44.1 0.0003403213654
44.15 0.0003408677705
44.2 0.0003491329005
44.25 0.0003507832377
44.3 0.0003499700462
44.35 0.0003504236452
44.4 0.000351537296
44.45 0.000352773976
44.5 0.0003561182802
44.55 0.0003615872543
44.6 0.0003604043176
44.65 0.0003587424089
44.7 0.0003596973076
44.75 0.0003630846926
44.8 0.0003608008925
44.85 0.0003637236574
44.9 0.0003655176646
44.95 0.000364426068
45 0.0003653207882
45.05 0.0003678902198
45.1 0.0003671546604
45.15 0.0003654826326
45.2 0.0003697136509
45.25 0.0003722466634
45.3 0.0003698208383
45.35 0.0003690461043
45.4 0.0003705761133
45.45 0.0003698876676
45.5 0.0003706133484
45.55 0.0003783609619
45.6 0.0003764245871
45.65 0.0003751154978
45.7 0.0003758095757
45.75 0.000376770309
45.8 0.000377121202
45.85 0.0003808968945
45.9 0.0003852429568
45.95 0.0003843874523
46 0.0003835870045
46.05 0.0003839151458
46.1 0.0003861216399
46.15 0.0003826748981
46.2 0.0003900293254
46.25 0.0003921261259
46.3 0.00038965621
46.35 0.0003886680926
46.4 0.0003889560787
46.45 0.0003860627655
46.5 0.0003819110961
46.55 0.0003910947739
46.6 0.0003894599243
46.65 0.0003896717864
46.7 0.0003875097835
46.75 0.0003869807246
46.8 0.0003852794674
46.85 0.0003831059492
46.9 0.0003835436432
46.95 0.0003862601891
47 0.0003854694527
47.05 0.0003843435481
47.1 0.0003840847424
47.15 0.0003828967475
47.2 0.0003836298385
47.25 0.0003811535134
47.3 0.0003845629741
47.35 0.0003846792176
47.4 0.0003837466446
47.45 0.0003829932318
47.5 0.0003808345557
47.55 0.0003803343714
47.6 0.0003797778742
47.65 0.0003859738703
47.7 0.0003876996583
47.75 0.0003863495047
47.8 0.000386781133
47.85 0.0003846486927
47.9 0.0003823158862
47.95 0.0003813805443
48 0.0003831214185
48.05 0.0003872616003
48.1 0.0003867872224
48.15 0.0003843139159
48.2 0.0003826255821
48.25 0.000383142759
48.3 0.0003802700419
48.35 0.0003776520503
48.4 0.0003795765316
48.45 0.0003809284484
48.5 0.0003790394025
48.55 0.0003775946863
48.6 0.0003764952708
48.65 0.0003749319719
48.7 0.0003732449205
48.75 0.0003724294915
48.8 0.0003744015546
48.85 0.0003736209815
48.9 0.0003712098919
48.95 0.0003701245211
49 0.0003699473455
49.05 0.0003719127278
49.1 0.0003721188949
49.15 0.0003719855168
49.2 0.0003721797649
49.25 0.0003712105882
49.3 0.0003737698007
49.35 0.0003715689475
49.4 0.000369915996
49.45 0.0003697455079
49.5 0.0003682908873
49.55 0.0003689249782
49.6 0.0003678621996
49.65 0.000367803485
49.7 0.0003656601681
49.75 0.000364100817
49.8 0.0003636102098
49.85 0.000362098032
49.9 0.0003600912205
49.95 0.000360011199
50 0.0003596153229
50.05 0.0003582183541
50.1 0.0003576231917
50.15 0.0003567942503
50.2 0.0003547420489
50.25 0.0003534259529
50.3 0.0003531149016
50.35 0.0003551291159
50.4 0.0003561789912
50.45 0.0003558863543
50.5 0.0003560816543
50.55 0.0003541854984
50.6 0.0003547241114
50.65 0.0003527671445
50.7 0.0003529753862
50.75 0.0003514504786
50.8 0.0003514677281
50.85 0.0003503057519
50.9 0.0003478622321
50.95 0.0003477694269
51 0.0003454976803
51.05 0.000343948128
51.1 0.0003438499943
51.15 0.0003427772452
51.2 0.0003421423361
51.25 0.0003403952432
51.3 0.0003390954905
51.35 0.0003380726322
51.4 0.0003378755939
51.45 0.000337513472
51.5 0.000337012474
51.55 0.0003370382706
51.6 0.0003368584752
51.65 0.0003378448908
51.7 0.0003366646513
51.75 0.0003366465245
51.8 0.0003353280176
51.85 0.0003339953875
51.9 0.0003334401467
51.95 0.0003316444819
52 0.0003317310084
52.05 0.0003299055901
52.1 0.0003283995324
52.15 0.0003279233042
52.2 0.0003267703404
52.25 0.0003253944574
52.3 0.0003234913417
52.35 0.0003222285554
52.4 0.0003224976168
52.45 0.0003214314073
52.5 0.0003208148221
52.55 0.0003193868256
52.6 0.000318585138
52.65 0.0003194115514
52.7 0.0003196451555
52.75 0.0003193754021
52.8 0.0003186436171
52.85 0.0003180247931
52.9 0.0003174421353
52.95 0.0003157875565
53 0.0003154494743
53.05 0.0003140399885
53.1 0.0003125110412
53.15 0.0003118954085
53.2 0.0003108460996
53.25 0.0003098208257
53.3 0.0003080879151
53.35 0.0003068130189
53.4 0.0003064088219
53.45 0.0003054659225
53.5 0.0003043517299
53.55 0.0003028942923
53.6 0.0003018167843
53.65 0.0003023184361
53.7 0.0003023207453
53.75 0.0003019020122
53.8 0.0003010890955
53.85 0.0003013752481
53.9 0.0003007879327
53.95 0.0003000053077
54 0.0002988685479
54.05 0.0002976543281
54.1 0.0002966283389
54.15 0.0002958611556
54.2 0.0002948604787
54.25 0.0002935408884
54.3 0.0002915661492
54.35 0.000290979127
54.4 0.0002901934878
54.45 0.0002892954442
54.5 0.0002887967236
54.55 0.0002871857306
54.6 0.0002857559749
54.65 0.0002859840052
54.7 0.0002858914949
54.75 0.0002858118606
54.8 0.0002854537445
54.85 0.000285068454
54.9 0.0002843835776
54.95 0.0002832265431
55 0.0002820401987
55.05 0.0002809380975
55.1 0.0002800365458
55.15 0.0002792772725
55.2 0.000278219596
55.25 0.0002770392152
55.3 0.0002757085519
55.35 0.0002743616894
55.4 0.0002739603747
55.45 0.0002731286798
55.5 0.0002721341149
55.55 0.0002706928749
55.6 0.0002708451597
55.65 0.0002709375615
55.7 0.0002696770632
55.75 0.0002704509501
55.8 0.0002695723418
55.85 0.0002689267528
55.9 0.0002681358508
55.95 0.0002671513303
56 0.0002661081552
56.05 0.0002650763991
56.1 0.0002643436492
56.15 0.0002633865736
56.2 0.0002622588562
56.25 0.00026081831
56.3 0.0002600394737
56.35 0.0002593285215
56.4 0.0002585697344
56.45 0.0002577174862
56.5 0.0002569013246
56.55 0.0002564776443
56.6 0.0002565485256
56.65 0.0002564491025
56.7 0.0002559621927
56.75 0.0002551782936
56.8 0.0002545320454
56.85 0.0002538329518
56.9 0.0002528883134
56.95 0.0002517283713
57 0.0002507058315
57.05 0.0002499698133
57.1 0.0002491928583
57.15 0.0002481587865
57.2 0.0002467603955
57.25 0.0002460849423
57.3 0.0002454243267
57.35 0.0002445034876
57.4 0.0002439107007
57.45 0.0002431707413
57.5 0.000242635206
57.55 0.0002426693335
57.6 0.0002427951784
57.65 0.0002424383678
57.7 0.0002416697034
57.75 0.0002407634961
57.8 0.00024003529
57.85 0.0002391196397
57.9 0.0002381357362
57.95 0.0002371892719
58 0.0002364631693
58.05 0.0002358096369
58.1 0.000234877189
58.15 0.0002337035079
58.2 0.000232745145
58.25 0.0002320501487
58.3 0.0002315747323
58.35 0.0002307148898
58.4 0.0002304430197
58.45 0.0002300262985
58.5 0.0002299037917
58.55 0.0002300749661
58.6 0.0002294622115
58.65 0.000228576413
58.7 0.0002276618445
58.75 0.0002269604729
58.8 0.0002262991409
58.85 0.0002254598522
58.9 0.0002245445008
58.95 0.0002236479351
59 0.0002227455124
59.05 0.0002220150948
59.1 0.0002212056464
59.15 0.0002203601317
59.2 0.0002195769228
59.25 0.0002190694139
59.3 0.0002187735955
59.35 0.0002185405164
59.4 0.0002183931345
59.45 0.0002180891408
59.5 0.000217862266
59.55 0.0002172457984
59.6 0.0002163937994
59.65 0.0002155261018
59.7 0.000214828171
59.75 0.0002142626937
59.8 0.0002133855862
59.85 0.0002125135325
59.9 0.0002113314918
59.95 0.0002106748979
60 0.0002102146119
60.05 0.0002095948455
60.1 0.0002089061288
60.15 0.0002080917956
60.2 0.0002075706898
60.25 0.0002072670363
60.3 0.0002071767544
60.35 0.0002071104841
60.4 0.0002067654648
60.45 0.0002062528397
60.5 0.0002057151599
60.55 0.0002050042173
60.6 0.0002042055434
60.65 0.0002032181663
60.7 0.0002024259191
60.75 0.0002018553196
60.8 0.0002010903827
60.85 0.0002004504341
60.9 0.000199625249
60.95 0.0001989384825
61 0.0001976119017
61.05 0.000195253546
61.1 0.0001915664495
61.15 0.0001868717372
61.2 0.0001797802601
61.25 0.0001716962962
61.3 0.0001646396332
61.35 0.0001585199811
61.4 0.0001518264841
61.45 0.0001456000468
61.5 0.0001384622152
61.55 0.0001317732177
61.6 0.0001253089757
61.65 0.000117830728
61.7 0.0001112678407
61.75 0.0001052522629
61.8 9.970920158e-05
61.85 9.456248382e-05
61.9 8.628936876e-05
61.95 7.784785633e-05
62 6.952001906e-05
62.05 6.24246304e-05
62.1 5.69481305e-05
62.15 4.86258428e-05
62.2 3.962952387e-05
62.25 3.218827269e-05
62.3 2.522943344e-05
62.35 1.971378404e-05
62.4 1.388580657e-05
62.45 9.073515837e-06
62.5 6.057072786e-06
62.55 3.661143332e-06
62.6 1.809934008e-06
62.65 2.420524436e-07
62.7 2.420524436e-07
62.75 2.420524436e-07
62.8 2.420524436e-07
62.85 2.420524436e-07
62.9 2.420524436e-07
62.95 2.420524436e-07
63 2.420524436e-07
63.05 2.420524436e-07
63.1 2.420524436e-07
63.15 2.420524436e-07
63.2 2.420524436e-07
63.25 2.420524436e-07
63.3 2.420524436e-07
63.35 2.420524436e-07
63.4 2.420524436e-07
63.45 2.420524436e-07
63.5 2.420524436e-07
63.55 2.420524436e-07
63.6 2.420524436e-07
63.65 2.420524436e-07
63.7 2.420524436e-07
63.75 2.420524436e-07
63.8 2.420524436e-07
63.85 2.420524436e-07
63.9 2.420524436e-07
63.95 2.420524436e-07
64 2.420524436e-07
64.05 2.420524436e-07
64.1 2.420524436e-07
64.15 2.420524436e-07
64.2 2.420524436e-07
64.25 2.420524436e-07
64.3 2.420524436e-07
64.35 2.420524436e-07
64.4 2.420524436e-07
64.45 2.420524436e-07
64.5 2.420524436e-07
64.55 2.420524436e-07
64.6 2.420524436e-07
64.65 2.420524436e-07
64.7 2.420524436e-07
64.75 2.420524436e-07
64.8 2.420524436e-07
64.85 2.420524436e-07
64.9 2.420524436e-07
64.95 2.420524436e-07
65 2.420524436e-07
65.05 2.420524436e-07
65.1 2.420524436e-07
65.15 2.420524436e-07
65.2 2.420524436e-07
65.25 2.420524436e-07
65.3 2.420524436e-07
65.35 2.420524436e-07
65.4 2.420524436e-07
65.45 2.420524436e-07
65.5 2.420524436e-07
65.55 2.420524436e-07
65.6 2.420524436e-07
65.65 2.420524436e-07
65.7 2.420524436e-07
65.75 2.420524436e-07
65.8 2.420524436e-07
65.85 2.420524436e-07
65.9 2.420524436e-07
65.95 2.420524436e-07
66 2.420524436e-07
66.05 2.420524436e-07
66.1 2.420524436e-07
66.15 2.420524436e-07
66.2 2.420524436e-07
66.25 2.420524436e-07
66.3 2.420524436e-07
66.35 2.420524436e-07
66.4 2.420524436e-07
66.45 2.420524436e-07
66.5 2.420524436e-07
66.55 2.420524436e-07
66.6 2.420524436e-07
66.65 2.420524436e-07
66.7 2.420524436e-07
66.75 2.420524436e-07
66.8 2.420524436e-07
66.85 2.420524436e-07
66.9 2.420524436e-07
66.95 2.420524436e-07
67 2.420524436e-07
67.05 2.420524436e-07
67.1 2.420524436e-07
67.15 2.420524436e-07
67.2 2.420524436e-07
67.25 2.420524436e-07
67.3 2.420524436e-07
67.35 2.420524436e-07
67.4 2.420524436e-07
67.45 2.420524436e-07
67.5 2.420524436e-07
67.55 2.420524436e-07
67.6 2.420524436e-07
67.65 2.420524436e-07
67.7 2.420524436e-07
67.75 2.420524436e-07
67.8 2.420524436e-07
67.85 2.420524436e-07
67.9 2.420524436e-07
67.95 2.420524436e-07
68 2.420524436e-07
68.05 2.420524436e-07
68.1 2.420524436e-07
68.15 2.420524436e-07
68.2 2.420524436e-07
68.25 2.420524436e-07
68.3 2.420524436e-07
68.35 2.420524436e-07
68.4 2.420524436e-07
68.45 2.420524436e-07
68.5 2.420524436e-07
68.55 2.420524436e-07
68.6 2.420524436e-07
68.65 2.420524436e-07
68.7 2.420524436e-07
68.75 2.420524436e-07
68.8 2.420524436e-07
68.85 2.420524436e-07
68.9 2.420524436e-07
68.95 2.420524436e-07
69 2.420524436e-07
69.05 2.420524436e-07
69.1 2.420524436e-07
69.15 2.420524436e-07
69.2 2.420524436e-07
69.25 2.420524436e-07
69.3 2.420524436e-07
69.35 2.420524436e-07
69.4 2.420524436e-07
69.45 2.420524436e-07
69.5 2.420524436e-07
69.55 2.420524436e-07
69.6 2.420524436e-07
69.65 2.420524436e-07
69.7 2.420524436e-07
69.75 2.420524436e-07
69.8 2.420524436e-07
69.85 2.420524436e-07
69.9 2.420524436e-07
69.95 2.420524436e-07
70 2.420524436e-07
70.05 2.420524436e-07
70.1 2.420524436e-07
70.15 2.420524436e-07
70.2 2.420524436e-07
70.25 2.420524436e-07
70.3 2.420524436e-07
70.35 2.420524436e-07
70.4 2.420524436e-07
70.45 2.420524436e-07
70.5 2.420524436e-07
70.55 2.420524436e-07
70.6 2.420524436e-07
70.65 2.420524436e-07
70.7 2.420524436e-07
70.75 2.420524436e-07
70.8 2.420524436e-07
70.85 2.420524436e-07
70.9 2.420524436e-07
70.95 2.420524436e-07
71 2.420524436e-07
71.05 2.420524436e-07
71.1 2.420524436e-07
71.15 2.420524436e-07
71.2 2.420524436e-07
71.25 2.420524436e-07
71.3 2.420524436e-07
71.35 2.420524436e-07
71.4 2.420524436e-07
71.45 2.420524436e-07
71.5 2.420524436e-07
71.55 2.420524436e-07
71.6 2.420524436e-07
71.65 2.420524436e-07
71.7 2.420524436e-07
71.75 2.420524436e-07
71.8 2.420524436e-07
71.85 2.420524436e-07
71.9 2.420524436e-07
71.95 2.420524436e-07
72 2.420524436e-07
72.05 2.420524436e-07
72.1 2.420524436e-07
72.15 2.420524436e-07
72.2 2.420524436e-07
72.25 2.420524436e-07
72.3 2.420524436e-07
72.35 2.420524436e-07
72.4 2.420524436e-07
72.45 2.420524436e-07
72.5 2.420524436e-07
72.55 2.420524436e-07
72.6 2.420524436e-07
72.65 2.420524436e-07
72.7 2.420524436e-07
72.75 2.420524436e-07
72.8 2.420524436e-07
72.85 2.420524436e-07
72.9 2.420524436e-07
72.95 2.420524436e-07
73 2.420524436e-07
73.05 2.420524436e-07
73.1 2.420524436e-07
73.15 2.420524436e-07
73.2 2.420524436e-07
73.25 2.420524436e-07
73.3 2.420524436e-07
73.35 2.420524436e-07
73.4 2.420524436e-07
73.45 2.420524436e-07
73.5 2.420524436e-07
73.55 2.420524436e-07
73.6 2.420524436e-07
73.65 2.420524436e-07
73.7 2.420524436e-07
73.75 2.420524436e-07
73.8 2.420524436e-07
73.85 2.420524436e-07
73.9 2.420524436e-07
73.95 2.420524436e-07
74 2.420524436e-07
74.05 2.420524436e-07
74.1 2.420524436e-07
74.15 2.420524436e-07
74.2 2.420524436e-07
74.25 2.420524436e-07
74.3 2.420524436e-07
74.35 2.420524436e-07
74.4 2.420524436e-07
74.45 3.742585543e-06
74.5 6.168018148e-06
74.55 8.237835413e-06
74.6 1.140725894e-05
74.65 1.539314535e-05
74.7 1.750939669e-05
74.75 1.912356933e-05
74.8 2.143793849e-05
74.85 2.493210879e-05
74.9 3.009466484e-05
74.95 3.304756441e-05
75 3.484696557e-05
75.05 3.696834603e-05
75.1 3.954149896e-05
75.15 4.466160316e-05
75.2 4.800899177e-05
75.25 5.09331157e-05
75.3 5.213322787e-05
75.35 5.472154073e-05
75.4 5.973406985e-05
75.45 6.106321024e-05
75.5 6.241063479e-05
75.55 6.434324695e-05
75.6 6.696995383e-05
75.65 7.140589438e-05
75.7 7.411174274e-05
75.75 7.497961746e-05
75.8 7.598223779e-05
75.85 7.750005249e-05
75.9 8.229883594e-05
75.95 8.489208369e-05
76 8.614082031e-05
76.05 8.7929764e-05
76.1 9.009733524e-05
76.15 9.356131211e-05
76.2 9.619105285e-05
76.25 9.737591753e-05
76.3 0.0001003754806
76.35 0.0001020817491
76.4 0.000105887462
76.45 0.0001071509479
76.5 0.0001070346347
76.55 0.0001079018513
76.6 0.0001096257428
76.65 0.0001134898942
76.7 0.0001149994683
76.75 0.0001150787908
76.8 0.0001167703828
76.85 0.0001173549164
76.9 0.0001205046059
76.95 0.0001227746984
77 0.0001233568003
77.05 0.0001246299801
77.1 0.0001264684798
77.15 0.0001289139736
77.2 0.0001300270501
77.25 0.0001298188851
77.3 0.0001307734456
77.35 0.0001328957693
77.4 0.0001363844902
77.45 0.0001382410661
77.5 0.0001390333334
77.55 0.000138580978
77.6 0.0001392431754
77.65 0.0001420552636
77.7 0.0001430663388
77.75 0.0001434991399
77.8 0.0001450102996
77.85 0.000145482739
77.9 0.0001471932192
77.95 0.0001485963566
78 0.0001479804996
78.05 0.0001483566179
78.1 0.0001490263115
78.15 0.0001510265526
78.2 0.0001522326025
78.25 0.0001517177416
78.3 0.0001519617581
78.35 0.0001540290515
78.4 0.0001551300142
78.45 0.0001561744004
78.5 0.0001572430977
78.55 0.0001577056488
78.6 0.0001580971832
78.65 0.0001586928534
78.7 0.00015999256
78.75 0.0001597836588
78.8 0.0001603794357
78.85 0.0001604223435
78.9 0.000160226912
78.95 0.0001616756161
79 0.0001620447165
79.05 0.0001620895002
79.1 0.000163092538
79.15 0.0001632986286
79.2 0.0001644418458
79.25 0.0001643993324
79.3 0.000165190924
79.35 0.0001654882597
79.4 0.0001662569571
79.45 0.0001670973917
79.5 0.000167858369
79.55 0.000168139586
79.6 0.0001683238955
79.65 0.0001681719993
79.7 0.0001688923487
79.75 0.000168725081
79.8 0.0001693914324
79.85 0.0001692047095
79.9 0.0001688263022
79.95 0.0001695376851
80 0.0001693390373
